| Index |       Eigenvalue      |         Residual      |
|-------|-----------------------|-----------------------|
|     1 |  -1.001999002244e+03  |   1.042570419715e-11  |
|     2 |  -9.999980029909e+02  |   6.316667168853e-02  |
|     3 |  -9.979970022373e+02  |   8.933116379098e-02  |
|     4 |  -9.959959999785e+02  |   1.094078845456e-01  |
|     5 |  -9.939949962100e+02  |   1.263333430788e-01  |
|     6 |  -9.919939909270e+02  |   1.412449711278e-01  |
|     7 |  -9.899929841250e+02  |   1.547261131919e-01  |
|     8 |  -9.879919757995e+02  |   1.671233025701e-01  |
|     9 |  -9.859909659459e+02  |   1.786623248633e-01  |
|    10 |  -9.839899545593e+02  |   1.895000112108e-01  |
|    11 |  -9.819889416353e+02  |   1.997505497124e-01  |
|    12 |  -9.799879271694e+02  |   2.095001424925e-01  |
|    13 |  -9.779869111559e+02  |   2.188157610601e-01  |
|    14 |  -9.759858935915e+02  |   2.277506631709e-01  |
|    15 |  -9.739848744710e+02  |   2.363480307453e-01  |
|    16 |  -9.719838537870e+02  |   2.446434522180e-01  |
|    17 |  -9.699828315425e+02  |   2.526666681523e-01  |
|    18 |  -9.679818077187e+02  |   2.604428377412e-01  |
|    19 |  -9.659807823290e+02  |   2.679934661878e-01  |
|    20 |  -9.639797553514e+02  |   2.753371092188e-01  |
|    21 |  -9.619787267901e+02  |   2.824899098102e-01  |
|    22 |  -9.599776966463e+02  |   2.894660167097e-01  |
|    23 |  -9.579766648862e+02  |   2.962779087885e-01  |
|    24 |  -9.559756315604e+02  |   3.029366665561e-01  |
|    25 |  -9.539745965897e+02  |   3.094521741784e-01  |
|    26 |  -9.519735600408e+02  |   3.158332980766e-01  |
|    27 |  -9.499725218638e+02  |   3.220880226869e-01  |
|    28 |  -9.479714820552e+02  |   3.282235813082e-01  |
|    29 |  -9.459704406546e+02  |   3.342465244411e-01  |
|    30 |  -9.439693975763e+02  |   3.401628481910e-01  |
|    31 |  -9.419683529172e+02  |   3.459780101955e-01  |
|    32 |  -9.399673065597e+02  |   3.516970357106e-01  |
|    33 |  -9.379662586067e+02  |   3.573245365015e-01  |
|    34 |  -9.359652089672e+02  |   3.628647764833e-01  |
|    35 |  -9.339641577083e+02  |   3.683216838442e-01  |
|    36 |  -9.319631047173e+02  |   3.736989212200e-01  |
|    37 |  -9.299620501743e+02  |   3.789998674044e-01  |
|    38 |  -9.279609938244e+02  |   3.842276920302e-01  |
|    39 |  -9.259599359142e+02  |   3.893853256874e-01  |
|    40 |  -9.239588762519e+02  |   3.944755428748e-01  |
|    41 |  -9.219578149015e+02  |   3.995008913598e-01  |
|    42 |  -9.199567519451e+02  |   4.044638188949e-01  |
|    43 |  -9.179556870989e+02  |   4.093665781931e-01  |
|    44 |  -9.159546208355e+02  |   4.142113026454e-01  |
|    45 |  -9.139535525282e+02  |   4.190000245236e-01  |
|    46 |  -9.119524828047e+02  |   4.237346210110e-01  |
|    47 |  -9.099514111635e+02  |   4.284168976042e-01  |
|    48 |  -9.079503378546e+02  |   4.330485556591e-01  |
|    49 |  -9.059492629052e+02  |   4.376311856428e-01  |
|    50 |  -9.039481860117e+02  |   4.421663346920e-01  |
|    51 |  -9.019471075725e+02  |   4.466554258108e-01  |
|    52 |  -8.999460273299e+02  |   4.510998528415e-01  |
|    53 |  -8.979449452220e+02  |   4.555009135785e-01  |
|    54 |  -8.959438615379e+02  |   4.598598520884e-01  |
|    55 |  -8.939427759117e+02  |   4.641778587105e-01  |
|    56 |  -8.919416886859e+02  |   4.684560767101e-01  |
|    57 |  -8.899405994517e+02  |   4.726955437035e-01  |
|    58 |  -8.879395087306e+02  |   4.768973608741e-01  |
|    59 |  -8.859384159452e+02  |   4.810624577429e-01  |
|    60 |  -8.839373215100e+02  |   4.851917850618e-01  |
|    61 |  -8.819362252689e+02  |   4.892863062277e-01  |
|    62 |  -8.799351271890e+02  |   4.933467928715e-01  |
|    63 |  -8.779340272303e+02  |   4.973741749800e-01  |
|    64 |  -8.759329256193e+02  |   5.013691716629e-01  |
|    65 |  -8.739318220602e+02  |   5.053326112951e-01  |
|    66 |  -8.719307165811e+02  |   5.092651815895e-01  |
|    67 |  -8.699296096358e+02  |   5.131676342489e-01  |
|    68 |  -8.679285001843e+02  |   5.170406196339e-01  |
|    69 |  -8.659273898355e+02  |   5.208848067973e-01  |
|    70 |  -8.639262764407e+02  |   5.247008432014e-01  |
|    71 |  -8.619251623835e+02  |   5.284893031252e-01  |
|    72 |  -8.599240455459e+02  |   5.322508149090e-01  |
|    73 |  -8.579229274029e+02  |   5.359859168065e-01  |
|    74 |  -8.559218068843e+02  |   5.396951762641e-01  |
|    75 |  -8.539206850875e+02  |   5.433791024841e-01  |
|    76 |  -8.519195608134e+02  |   5.470382382020e-01  |
|    77 |  -8.499184350169e+02  |   5.506730287765e-01  |
|    78 |  -8.479173069486e+02  |   5.542840229514e-01  |
|    79 |  -8.459161777241e+02  |   5.578715928435e-01  |
|    80 |  -8.439150453226e+02  |   5.614362976017e-01  |
|    81 |  -8.419139123522e+02  |   5.649784348990e-01  |
|    82 |  -8.399127764988e+02  |   5.684985902518e-01  |
|    83 |  -8.379116391210e+02  |   5.719969790481e-01  |
|    84 |  -8.359104995633e+02  |   5.754742068589e-01  |
|    85 |  -8.339093585468e+02  |   5.789304543144e-01  |
|    86 |  -8.319082146914e+02  |   5.823662408198e-01  |
|    87 |  -8.299070699233e+02  |   5.857818587176e-01  |
|    88 |  -8.279059220541e+02  |   5.891776991457e-01  |
|    89 |  -8.259047736276e+02  |   5.925539932230e-01  |
|    90 |  -8.239036212634e+02  |   5.959112950882e-01  |
|    91 |  -8.219024692993e+02  |   5.992496399062e-01  |
|    92 |  -8.199013127004e+02  |   6.025695939947e-01  |
|    93 |  -8.179001567871e+02  |   6.058713070278e-01  |
|    94 |  -8.158989964193e+02  |   6.091551255072e-01  |
|    95 |  -8.138978357198e+02  |   6.124213294771e-01  |
|    96 |  -8.118966722607e+02  |   6.156702609814e-01  |
|    97 |  -8.098955070537e+02  |   6.189020067933e-01  |
|    98 |  -8.078943390502e+02  |   6.221171398112e-01  |
|    99 |  -8.058931702535e+02  |   6.253155744544e-01  |
|   100 |  -8.038919987160e+02  |   6.284977937059e-01  |



